Fin eod count
=================

Sum(Import_Rec_Cnt)  File_id
-------------------  -----------
11594668	201013225640537
12652148	201016205359567
7555144	2009302254137250
7099893	2010012302396788
8815541	2010022331275469
9649809	2010032356205142
9708686	2010042249446924
9177162	2010052246065257
10606271	2010062304098579
52299822	2010072053523094
10046457	2010082254141111
10058145	2010092302153214
10452621	2010110021259289
10483108	2010120336398905
9448542	2010122251493918
13705280	2010150008555069
13249179	2010152303111569
14442012	2010180027034175
11211018	2010182255143730
13879206	2010192249192107
12937886	2010202322336296
13952654	2010212302018585
12934515	2010230006538486
11045331	2010232300114302
10891349	2010250034588192
9261294	2010252317131535
8606634	2010262256249708
8103059	2010272310395771
7601674	2010282305173599
7361356	2010292308416986
7796420	2010302304202485
7650982	2010312330451507
7925126	2011012309257898




Tat
-----
161632	161569	45932	34948	65	10825	94	115700	84320	600	30257	460
174490	174444	44748	33334	33	11278	103	129742	101859	220	27096	521
179186	179068	46889	35461	38	11314	76	132297	104264	288	27140	487
159313	159204	45518	34357	26	11065	70	113795	87274	108	25912	392
163189	162922	43039	31978	57	10904	100	120150	93354	218	25793	518
149769	147217	38122	28250	30	9784	57	111647	85853	90	22845	308
a38816	38810	17934	14249	7	3668	10	20882	17522	16	3302	36



121549	121414	37029	27159	26	9770	74	84520	62327	66	21599	393
88839	88727	32844	24101	37	8644	62	55995	40817	50	14707	309
88189	88098	31903	23893	46	7887	77	56286	40725	42	15213	215
121549	121414	37029	27159	26	9770	74	84520	62327	66	21599	393
