Tat
====
TOTAL_COUNT	VERIFIED	PRIORITY_ONE	LESS_THAN_4SEC	GREATER_THAN_4SEC	LESS_THAN_4SEC_1	GREATER_THAN_4SEC_1	PRIORITY_GREATER_THAN_ONE	LESS_THAN_4SEC_2	GREATER_THAN_4SEC_2	LESS_THAN_4SEC_3	GREATER_THAN_4SEC_3
0	0	0	0	0	0	0	0	0	0	0	0
0	0	0	0	0	0	0	0	0	0	0	0
0	0	0	0	0	0	0	0	0	0	0	0
0	0	0	0	0	0	0	0	0	0	0	0
0	0	0	0	0	0	0	0	0	0	0	0
0	0	0	0	0	0	0	0	0	0	0	0
0	0	0	0	0	0	0	0	0	0	0	0
0	0	0	0	0	0	0	0	0	0	0	0
0	0	0	0	0	0	0	0	0	0	0	0
0	0	0	0	0	0	0	0	0	0	0	0
0	0	0	0	0	0	0	0	0	0	0	0
0	0	0	0	0	0	0	0	0	0	0	0
0	0	0	0	0	0	0	0	0	0	0	0
0	0	0	0	0	0	0	0	0	0	0	0
0	0	0	0	0	0	0	0	0	0	0	0
0	0	0	0	0	0	0	0	0	0	0	0
0	0	0	0	0	0	0	0	0	0	0	0
0	0	0	0	0	0	0	0	0	0	0	0
0	0	0	0	0	0	0	0	0	0	0	0
130958	130895	35497	26898	14	8535	49	95461	73038	113	21895	352
117799	116199	30814	22948	12	7765	89	86985	64748	122	20093	422
45967	45962	15794	12140	5	3636	13	30173	22832	49	7154	133
27518	27499	10758	8327	41	2295	95	16760	13835	51	2751	104
133013	131667	33537	25050	21	8403	63	99476	75089	185	22489	367
123493	123433	34203	25715	13	8439	36	89290	66068	83	22742	337
112676	112648	31855	23748	9	8058	40	80821	60139	59	20298	297
100979	100874	31310	23190	8	8065	47	69669	50801	51	18393	319
81592	81442	27155	20379	17	6718	41	54437	38889	42	15065	291
31156	31140	13160	9946	12	3183	19	17996	13672	12	4258	38
79065	78969	28543	21491	11	6999	42	50522	35407	37	14754	228
100525	100458	30600	22800	16	7735	40	69925	52304	50	17249	264









Base Volume
===========
COUNT(*)
--------
115026540 

COUNT(*)
--------
242931625 

COUNT(*)
--------
344206770 

COUNT(*)
--------
81268547 

COUNT(*)
--------
115317282 

COUNT(*)
--------
11571181 

COUNT(*)
--------
192075299 

COUNT(*)
--------
155160324 

COUNT(*)
--------
40134106 





DOERS
=====
ORPKEY	ORPVALUE	SL	MODULE
doerscount	1	324	psxstrength.prop
isDoersCountApplicableForMr0	false	325	psxstrength.prop
doerscount	2	1132	psxcustomer.prop
isDoersCountApplicableForMr0	true	1133	psxcustomer.prop
isDoersCountApplicableForMr1	false	1134	psxcustomer.prop



Workers
==========
ORPKEY	ORPVALUE	SL	MODULE
hashWorkerType	singleRecord	566	PSXHASH_PSXID.prop
workerNumber	<<WORKER>>	10	psxcustomer.prop
hashWorkerType	SRCTRG	393	PSXHASH_SOURCE_TARGET.prop
hashWorkerType	RE	360	PSXHASH_RE.prop
workerNumber	<<WORKER>>	37	psxstrength.prop
hashWorkerType	SMSourceHashing	505	PSXHASH_SM_SRC.prop
hashWorkerType	SMTargetHashing	503	PSXHASH_SM_TRG.prop
hashWorkerType	Incremental	696	PSXHASH_BATCHID.prop
bulkWorkers	,2,3,20,21,	1147	psxcustomer.prop
hashWorkerType	Initial	665	PSXHASH_ONETIME.prop







Tat-Sep 1 to 20
================
TOTAL_COUNT	VERIFIED	PRIORITY_ONE	LESS_THAN_4SEC	GREATER_THAN_4SEC	LESS_THAN_4SEC_1	GREATER_THAN_4SEC_1	PRIORITY_GREATER_THAN_ONE	LESS_THAN_4SEC_2	GREATER_THAN_4SEC_2	LESS_THAN_4SEC_3	GREATER_THAN_4SEC_3
100525	100458	30600	22800	16	7735	40	69925	52304	50	17249	264
121417	121316	28668	21249	1	7387	26	92749	68606	81	23730	236
133840	133658	31601	23471	21	8077	32	102239	80952	71	20786	248
129073	128911	31547	23606	26	7861	54	97526	75264	108	21633	358
94551	94385	28008	21031	10	6947	20	66543	51319	80	14806	172
31343	31341	12128	9566	3	2538	21	19215	16571	31	2571	40
129807	129729	33223	24811	26	8336	50	96584	74195	101	21921	289
153119	152936	47283	36501	847	7574	2361	105836	78857	1512	20018	5266
158443	158411	46483	36264	13	10157	49	111960	83574	123	27870	361
143740	143659	41836	31943	30	9785	78	101904	78276	168	23020	359
131534	131445	38983	29807	19	9087	70	92551	68216	65	23820	361
54608	54565	18413	13314	23	5031	45	36195	27841	43	8101	167
45275	45061	15242	11987	13	3209	33	30033	23942	32	5791	54
149014	148950	38045	28438	29	9506	72	110969	80936	85	29517	367
145812	145735	38283	28741	35	9431	76	107529	81738	192	25061	461
141313	141263	37746	28019	17	9640	70	103567	78973	135	23981	428
143422	143330	39063	29539	14	9448	62	104359	76527	95	27322	323
147497	147427	36356	27083	35	9136	102	111141	80884	169	29474	544
117244	117207	25578	18600	76	6720	182	91666	69126	333	21345	825
879	879	54	32	0	21	1	825	732	9	80	4



